15148
12959
98968
1172
47845
40575
29789
12512
69078
13072
2085
85605
5323
10493
57178
82886
77971
92671
84483
31188
70987
94753
2991
59997
7125
92250
85348
85913
76308
6873
96206
54836
51120
7513
20781
13389
80619
43628
53049
53964
40730
36482
92603
39382
72549
4810
50193
38610
83371
12929
55333
32455
10140
5833
35597
31238
90122
35225
47790
52943
90192
43100
91903
10092
97789
30733
74018
98913
7263
99089
3027
36778
73603
23672
3006
48239
6324
71750
42464
82861
3639
74420
38278
57994
29905
20167
93404
53747
65520
94606
60659
63960
86254
19321
86900
49055
25029
42123
19917
44937
94444
37081
35117
26862
69674
17869
31518
81353
17942
31139
56310
15115
78586
38332
75997
48256
1427
37535
76538
71115
20881
65618
64452
99498
49929
1022
13682
54400
87841
28940
83477
9095
47871
65786
49263
70409
15335
4596
69892
69026
70606
30917
52753
24204
94112
54155
12861
17447
56275
34292
28689
63483
42925
21352
33962
6599
81878
69214
59739
12351
22705
49404
29955
69012
12756
11400
80720
71594
30989
33547
97543
36162
10837
61890
11659
75180
95901
89693
65251
48826
15128
79936
92841
79974
91722
15220
69340
90483
67670
27478
48523
7043
8352
62573
88223
69400
18418
14819
97222
94177
10522
65599
45392
90647
82013
8166
13814
11620
10168
80324
53273
45104
84099
93397
53359
20377
51270
43794
30700
16180
6359
39143
17145
8460
26704
36971
33326
75746
34390
74287
80430
66405
19259
96494
76417
90319
70163
35423
58995
34575
21500
78017
25955
78085
96531
26381
43792
31891
65570
24292
88186
62761
32604
56146
67361
35203
64503
10547
43048
27764
64303
76733
85286
43574
83841
78500
3023
69449
64468
23632
97664
36716
11390
3876
12436
24775
5008
23548
50032
55448
40917
53611
73477
4388
44724
71962
88165
18349
24392
71378
43110
87185
90095
7193
66087
17793
82090
49312
9864
63501
46888
15790
66481
57296
81306
86423
48819
74014
19994
36294
49567
35985
15731
20473
57270
2622
91824
28931
24675
60484
65753
1210
91051
79708
46814
70124
46648
6947
6909
25968
51903
94618
85950
53736
23497
95658
74925
60090
39309
38676
55476
22063
57984
45567
22964
72230
68970
43256
3050
93760
2575
87725
46365
75916
77625
82451
37325
57311
27034
59920
13640
23733
87685
83699
80155
90237
45410
7048
13846
69613
10654
96422
38135
23811
45987
12420
47332
86497
91478
8043
56050
22108
62209
11063
10635
32505
43472
27691
23544
72114
71756
45502
37674
85141
69201
5905
88575
27014
3989
1826
62856
36752
97560
60444
93096
44193
8262
17219
84319
96841
54485
29816
48039
66600
13485
12264
68275
30898
1913
11533
22860
63646
70666
38861
76673
83457
58544
80380
87651
29421
5066
95307
88372
24167
96580
12426
21116
46315
1947
29237
14538
6134
99504
97292
49019
32834
14274
2673
31272
33875
14416
16701
28785
36429
62526
28076
21122
85745
9761
36650
21570
12895
95192
75707
63006
59656
36334
86504
68821
7572
27754
49495
74144
23943
63904
41654
99964
8639
59586
17857
72908
31310
8979
28741
90213
93500
16425
87587
80910
69210
64954
46019
22213
70217
88453
3150
48880
80643
61039
53402
57461
20892
92546
3181
83300
82312
89860
38362
62324
79539
30630
36202
68823
19184
95728
73345
36973
60161
86280
25070
8534
69559
24968
1267
94890
55433
79807
6398
77808
15413
27985
7643
80496
27958
64842
37841
32898
86435
18769
28228
73858
72769
43887
20180
87507
3384
80365
9619
88985
96717
70658
91730
22877
45386
34995
82971
88363
16104
86010
79441
66456
65354
1116
22496
30626
31253
91869
9357
29853
58870
36120
87582
12503
3519
55043
80716
5491
75489
21097
51890
72439
23517
52189
52081
6478
32982
27266
8096
56735
8638
5422
83881
85310
28264
36609
1835
28859
44583
94179
54621
23111
3487
25956
58997
35240
3794
89370
97187
43265
29061
26965
6970
51958
48209
16892
39765
92337
67999
95619
53993
47977
69060
58930
21424
73032
14371
44053
73944
30339
9150
78239
64007
81774
97027
94427
68215
69335
53219
55877
72719
4692
36404
94016
36972
49651
51111
71258
58534
31871
41622
44003
98318
76265
72001
63733
57436
16019
4841
97693
71034
1401
71223
34108
63066
72208
7462
19706
18409
4161
97850
26207
42846
75673
97503
92293
46569
74576
71728
97452
7866
95976
61311
31327
70631
82228
10121
52345
17026
79447
26397
61408
17089
35550
8217
42938
5257
92524
79620
90518
68496
19189
10871
29942
29542
79389
27377
81015
13324
16205
18989
38479
37017
91948
11142
36119
5749
66951
4657
28386
57719
71028
17072
87195
70410
67291
99577
30266
87503
26443
25337
44791
10884
58571
7872
76645
81713
30781
30107
33940
15736
15621
91325
45765
19680
81601
7015
28469
11737
43021
27259
50523
44981
89509
15728
56009
81156
79333
26113
81017
83209
83747
23883
14808
67107
67498
50509
83483
12927
48637
19789
9099
42365
15771
47537
88437
96506
27378
82042
95664
41888
67160
64516
91021
4548
28411
73887
21330
28299
71853
37565
66714
94862
13911
60708
14545
75239
75398
36260
13166
7342
49786
86663
64253
35761
75280
54403
51624
33007
4475
23193
58189
97148
84668
92005
87630
34834
83391
76620
98978
4020
29839
36511
72897
60609
13034
43754
11209
61324
32805
50923
63575
40470
30005
3329
4444
95520
91629
43512
72746
64423
74743
34932
45758
97261
67650
33759
43348
81938
61099
52494
57720
84167
50429
26511
46678
21163
36309
21309
83201
80268
29121
95204
94132
33998
37724
25625
31744
7215
65858
97595
4880
71199
49933
68398
66753
25160
64450
36503
48461
99715
75349
29199
78566
91696
26823
35529
42010
13934
15432
77841
69732
43719
23434
77895
75453
97115
57956
61021
98681
47820
40031
23816
45628
94139
57734
92826
83150
81349
4249
96109
35185
53126
95288
24399
1803
48487
56063
36983
9207
79327
79793
66713
18955
26472
31685
69513
60175
85431
32441
56170
39521
1565
7754
18221
4391
91122
34610
88003
10452
30688
12090
85055
7842
65606
58444
51124
4610
85196
22314
24728
40790
26236
97700
90588
49249
54075
71717
80084
98872
45423
35728
93639
88733
94823
17860
48867
77807
34701
73404
19511
56952
46637
90125
40777
14138
26512
88384
83448
88880
44696
86735
78084
93388
97577
30882
46541
82615
5360
12425
3300
46049
63158
10734
70009
39257
2879
67412
51667
75593
59496
69250
75353
92032
92051
33764
14514
88739
92682
10620
55388
93192
17535
38702
93734
24886
15575
26028
52194
80066
78552
65088
50253
69869
18936
1687
3642
6692
25514
80964
75379
9444
3648
98683
32758
51951
2371
15422
95161
10290
81940
40971
43119
32747
57228
38386
28826
29688
18610
91837
26085
24658
86294
46559
25857
3264
76485
45299
2390
64188
45620
72214
76262
49048
84795
80739
46979
1152
20625
63165
68808
23037
9181
53961
1985
89610
17289
55180
70670
16256
51159
71862
70303
34468
96960
2269
82472
83324
82038
71383
40782
24889
50863
38220
7271
20535
17465
8041
4908
91136
14346
44669
93574
44836
96832
48238
1772
86263
88493
38953
78542
66466
69833
63246
61091
78422
10181
17605
84434
67175
1561
63925
53433
35264
7682
40612
65823
26004
49689
96504
89830
4286
93181
30637
91379
85402
99234
31751
78690
72311
21715
57167
66331
79693
82759
17604
25374
50337
95052
5821
89272
76854
1926
25800
75525
81612
57424
10566
77948
77371
58196
47422
88066
6781
45647
89446
4944
13308
65139
36932
70615
96909
43722
43293
57016
3054
41140
3595
80963
39918
36515
97000
70759
49791
28522
98365
17340
6865
2078
30492
98823
97652
46341
45413
53038
75861
57420
29771
6388
68078
13993
99483
83317
23170
58514
46795
81719
12782
46561
17856
35047
35598
32606
31597
35659
3140
60922
13533
87254
56754
94464
54286
49424
91896
70299
78299
30642
61172
44679
5989
28344
60041
95673
95795
91107
28347
42968
11018
33352
43712
75283
34276
10335
48622
5768
90012
22961
42612
10643
77288
36587
79169
37422
96739
99450
85116
54828
71350
25257
44119
97183
31246
79263
89189
2963
31862
45820
96575
28892
71388
20818
34775
94782
74244
93820
66130
99141
13881
51814
93892
47077
59466
11765
64045
42074
4434
39519
93322
22180
86619
1347
65761
23971
26832
24734
28861
54004
28506
52911
63083
93018
48291
92357
32234
79416
66292
75292
69598
27127
78699
63021
92215
82068
70596
28389
37434
46114
59961
23315
74505
89494
43420
73926
3046
59126
53842
97375
1113
84571
32084
36903
45305
19340
59921
14887
7223
87446
94371
3132
78874
31390
89118
33281
66952
25169
23178
29182
5211
79020
42469
89033
86975
54191
66834
26094
35568
99587
27466
38341
32903
73451
84599
95502
6967
43807
21675
92510
18148
35163
50609
36648
14713
21173
21933
65724
98754
17434
55183
64429
35725
52813
17002
7106
36810
97190
10915
55574
21136
82905
86738
94100
54208
65444
23775
86122
57117
47315
10710
37011
85345
48559
64256
47119
62360
86898
17546
58204
96173
13528
14098
82866
14415
44616
2444
51084
36846
48749
61407
68364
57106
69354
26126
32019
58222
26504
15043
45062
46280
51866
43151
47142
47761
2877
22637
47098
81696
44964
57134
11727
21487
15765
76556
41818
52851
64581
9558
66330
65128
71719
22732
85559
88298
94080
50195
95693
77270
59717
62109
84217
21305
63110
82227
29516
23244
86523
51476
95146
34120
42504
98118
84420
6285
43368
31402
87757
45390
59042
36943
19092
96177
53167
32048
5681
33393
72642
51416
89487
29240
16909
18052
93151
15823
11114
58345
63339
9312
65183
94741
2499
10291
49392
5012
48340
39266
61825
99077
20669
11021
73846
71568
10045
27506
98780
63821
84608
18175
89264
84069
54862
10668
22553
67286
53791
69765
5694
45297
10520
33862
71337
14862
62985
29417
2430
39405
18296
85090
27616
52441
13905
89988
95004
2711
6518
58118
94779
20662
44925
65905
6258
51554
38770
74722
23295
53270
27843
87111
27427
55119
54287
10149
68816
88093
36805
13496
37771
8243
10262
33815
38691
99521
25906
84349
95425
3202
55132
26249
95462
7114
26320
60888
4437
12300
54826
98113
95800
45224
73744
94278
19206
8133
30147
2786
17374
71869
28324
77572
85765
46580
77840
11406
79293
2796
34553
49928
1155
47558
2408
54964
82856
20170
15802
9543
17594
79302
98078
19753
29134
47369
52563
37275
48785
28807
96457
27850
54508
98473
38259
62455
87283
60744
45036
5633
97283
44575
91669
16265
74389
50584
26968
38627
29849
61978
26275
8560
42924
19387
93076
48400
87723
39016
19791
88114
23078
77859
35432
96871
48353
72309
13858
45474
86706
39677
79880
39616
69966
38801
28231
11285
12883
40570
21518
41308
40370
19164
27126
58568
7882
33832
61731
85754
98369
67146
31323
81646
24458
94254
81682
99696
9907
3448
53620
15170
31263
60234
54280
3715
51895
25239
49081
63548
5814
1990
5605
62659
14789
8480
91836
70750
61272
24894
88887
63461
8972
42605
95368
65507
4526
83416
18222
54712
65730
77216
25359
61850
14269
7838
21419
90619
48801
94164
90821
96065
17376
2480
16110
54642
35372
4175
55850
30394
20069
42589
48344
96535
55961
94513
34722
4757
30474
31867
80426
2247
50542
41130
24207
42423
8915
66428
88520
92695
10031
20062
36890
14915
64873
18049
32752
63474
99535
98917
79582
14284
69818
21430
14764
55996
78864
36383
15796
59220
20805
72680
44524
75632
92774
72199
56026
58297
38502
30850
43160
97429
19925
70432
55981
34665
66919
51489
65923
44305
54709
73160
50663
67463
30193
42577
21348
78843
98107
11015
22586
75901
13063
9974
20812
37244
36185
83075
7522
41050
84186
32196
57218
13336
87058
41901
91177
85923
7552
62147
63112
15423
16649
73201
36686
88669
62825
30724
23511
12438
18929
82706
3432
29048
35932
88754
20834
83263
95570
83558
60819
97256
19352
20106
68070
15648
79214
79043
51984
10799
12786
36981
29910
68405
1270
40461
25187
14702
28822
2197
36720
97820
88110
94262
34062
16537
58890
33385
20692
14679
54078
31448
42011
56157
39472
25235
30449
9327
69742
83229
44943
29085
14606
68312
31552
91457
76085
77924
48997
75923
6090
17102
72213
10389
53537
93910
32030
75905
88972
76908
6617
62397
80374
28544
90941
82476
64100
21551
42325
80387
44231
97830
27537
49512
83936
90964
5691
31545
4573
30108
48638
24935
17909
15082
30509
44521
63658
4455
41476
64727
65008
40020
59756
93345
60945
45402
5024
66254
25341
21721
21563
5104
22023
64921
54544
82263
83637
59388
72420
69597
5385
3191
56112
2613
14220
1928
26764
21080
94192
69953
68205
78994
43455
64426
18800
70698
72094
39714
1422
44547
16659
18238
22300
9891
63712
99320
57244
67337
17805
82867
34205
43433
82401
87106
14462
31815
5341
3544
94612
88358
69967
90645
45889
61105
90050
63059
98353
96509
51519
91857
19947
35469
9093
54790
85695
8292
68884
80087
50258
85542
57171
93114
55032
51584
99863
86787
75888
24185
13835
50186
56577
73124
31229
79077
62997
13683
88512
60104
30761
18602
77124
9170
54213
37644
10079
87171
64159
41189
39657
8389
49703
56309
16739
56047
74857
52386
41613
71211
77095
8399
40184
50154
82241
22178
94757
99514
81257
67131
45975
55143
19471
30022
98784
52108
53255
22969
43031
29489
17629
12913
17841
98695
59758
95669
60803
67736
86172
80490
20142
71974
27471
63155
50181
10308
83270
5279
20608
18322
11827
32040
18816
30152
69268
78804
49957
90731
73584
55634
95226
82374
52517
8630
48615
44340
45685
45130
63969
9264
72800
25538
49414
29752
99368
53016
26278
36166
39074
69844
56822
83061
35164
8978
74482
11409
65668
26979
52677
92308
65358
14012
21948
12190
15596
20454
54139
42405
87781
76016
93305
89080
24538
70660
55458
1528
56154
62261
92751
40597
47638
88122
22590
54241
65828
61703
62982
84053
53630
25872
59306
55178
23892
71024
91085
73350
27428
59857
49644
92474
55325
2693
57238
10233
13317
75073
61219
20758
25676
65095
47681
39090
99295
17218
92876
99659
95872
80693
30018
56319
87151
55252
28398
14943
44304
33653
95170
75378
52967
38988
52155
9325
61364
98796
81947
60414
71764
67975
4335
93030
13370
14031
41772
15829
34042
12320
90891
43162
50943
38526
49658
65989
27197
94348
80945
14200
47137
56472
29101
73547
43501
78026
23121
52190
39195
75364
95253
33060
76817
44591
94918
38456
74159
45969
55657
24922
61271
12499
66186
80677
44660
59962
1762
93828
51138
24630
92891
65556
89920
36585
3676
1357
66743
54025
69867
86391
75723
94727
99472
5727
65036
48429
36328
42363
29552
52520
57674
32392
92004
30444
43903
11364
16095
92869
88602
69838
1409
49124
11588
37001
83879
27391
17450
75643
26104
99589
64343
58267
29803
77158
23851
44379
62064
52821
91568
90776
28114
37626
75975
16960
92691
36373
76722
76047
85905
71238
98598
95959
80089
5002
71495
42730
60201
31147
3670
62021
13004
44288
68346
5912
85353
63419
42193
30353
4002
50082
92970
34979
29167
96741
68400
97388
47376
23800
8343
33769
78591
90546
77900
62095
57482
57687
7996
57172
49427
82275
20356
10736
96870
6323
22569
56231
96025
33887
64479
96653
54298
86877
92227
27338
72238
89406
26090
51376
16883
85377
19065
31511
8316
39162
50726
37572
9432
63978
68957
22485
88170
97552
5967
41376
38804
81584
38153
47921
14607
7521
41550
37960
82521
82212
18026
86392
33288
91771
70517
85581
28236
1067
17853
57690
85922
56220
67242
65099
23486
53827
6384
52699
15300
15465
30484
45824
75902
16339
27240
84810
61831
70610
99194
19351
87222
58318
41799
95162
10740
63496
35150
38909
57606
60172
47984
37575
33561
58421
13356
53495
38395
59414
98093
19902
61375
10613
70788
92581
69982
78196
59379
45079
52901
46447
49362
38021
22798
81087
28272
36516
19764
22773
88562
80419
73284
54692
95601
28283
82672
59371
26287
83995
1757
13703
70324
1968
32246
24768
68399
14519
71074
44797
49677
80681
44314
77653
34593
98578
50048
1789
41317
19974
46059
64975
31254
57944
72732
32291
17903
87521
66968
95586
23522
70729
62553
9562
31958
61860
68997
58620
79211
92966
35179
62726
40078
42286
68954
97848
11889
65645
47275
18261
90674
32550
51807
9827
93634
55966
15210
63370
16966
82713
44222
20440
51570
21566
63038
95222
71434
84846
30715
62864
46354
51790
22122
94364
58917
46826
33280
87378
76806
62917
81930
57908
43582
86807
4446
4942
28121
37636
89724
98774
82953
81068
62624
17375
70028
42703
98495
84488
67198
4789
86916
65059
39988
89050
83036
16941
84661
49810
72405
57636
3222
39238
91764
34336
41629
82412
90114
20258
15143
52702
92116
63933
95657
3865
57657
78103
61642
66265
89816
72201
88603
54445
41226
59707
46207
33375
42433
77007
99902
16323
10483
67513
74020
51760
63493
61188
64638
69969
81361
39083
13283
3499
24220
73167
8205
74411
32907
69795
87679
44373
27481
49636
40067
43306
18623
37524
43305
82705
79174
55664
48619
77060
98967
31728
61501
23479
65169
16635
16501
16312
67305
78985
56722
33977
2321
90816
99155
77517
4799
81283
81856
19231
46551
96110
65834
55745
17620
20490
98759
39773
79323
6952
13289
35847
19847
93315
93481
9560
53292
13716
41514
9522
42025
68563
16482
39539
7234
74832
45222
97461
8092
11752
99313
22028
1824
80067
36338
87276
99710
78714
84857
70211
79460
74769
76390
60649
72227
79318
21556
78251
69241
86751
39787
9628
23108
47843
4684
67143
95852
1197
76478
15518
71508
12542
68515
19223
90579
99414
30605
72282
9847
82307
69847
32160
14094
47004
52223
70608
25377
80930
31330
72612
55630
43358
84192
43049
96665
13813
20934
89239
83573
39720
6421
96307
52418
31232
19238
78067
85003
41861
74606
55295
53069
65536
13171
23080
71018
16101
29872
63001
43986
34809
89457
64791
88675
58923
27761
80772
51899
67534
20195
69427
96612
16070
44381
19043
93449
79471
58691
95857
36592
75553
10197
77142
29290
71789
37838
57233
89545
19406
11957
63045
68528
70557
64354
42720
33273
5042
60903
55531
98596
66665
4731
25048
91962
68221
27152
17361
18143
89058
12925
50805
34008
98730
22703
9605
65303
35895
93730
50128
55693
82644
77044
66712
40818
11402
94953
50203
36882
53934
44928
22234
58929
94976
18332
37132
81295
15645
84879
57131
93777
17985
25972
35606
78257
11513
24661
48697
5576
87078
4314
46047
94004
9794
81591
56889
42728
64509
21207
93780
95174
86942
81700
65530
21003
53890
57123
53322
98710
59905
20597
68015
24314
51641
12787
45894
8500
94008
26671
80865
17536
61781
18890
75677
93913
49012
95972
98782
14089
57159
13919
96623
26980
86972
49483
13895
28422
76738
19962
86821
72026
85167
14802
34449
22931
74673
88386
84997
93309
76866
62333
98847
29267
3903
66446
62481
12849
23991
96978
29059
24226
11668
22680
43448
14230
38099
59287
5886
98921
75564
29401
69274
45039
19209
4240
90356
94086
91417
27165
19366
93409
98290
27669
54582
71533
52284
77747
56519
64272
9020
45446
43362
13139
18659
70761
68011
70972
23668
92579
22859
1856
97690
73732
67936
63241
18140
80909
28683
54659
60353
86660
73340
32954
82663
80658
18474
70954
15795
29570
27994
73908
91352
52897
14240
14276
28512
75835
89667
89854
98131
54577
31972
36419
45872
50346
21154
68440
75008
95461
81843
80352
9109
47926
43062
80776
70747
19054
23812
22976
5138
67372
54705
57119
31339
61943
59785
39255
86157
69069
16553
79866
12180
69066
81134
25861
93340
39169
77145
56311
21060
24627
27235
83214
12562
24406
6429
21339
84060
58486
34256
42384
69703
11497
48045
90716
8428
58316
24543
58801
84714
77436
5193
92822
14471
41628
48942
11162
80022
68191
83869
18938
56290
14796
71331
55900
13685
18087
33761
36161
51129
15842
69766
87016
81820
80898
25351
41989
7561
2835
39857
77489
2398
31235
76800
31994
14214
25505
45457
29636
7662
43037
10671
31045
67247
63770
56082
47187
36375
83170
53274
93566
23344
92164
95785
57237
4242
36934
41407
99946
53093
41515
37451
23702
94577
75969
92073
70669
65171
10647
49096
63649
45709
35417
54022
63148
87326
2416
31814
53091
6222
71326
35582
24375
21896
83680
51477
18580
61373
63491
92189
66810
33126
15468
71943
34485
38795
50940
32878
15447
39048
43586
14854
67269
4727
68935
57063
62670
40386
97128
64357
58851
79931
48507
57466
67790
7073
59059
48864
7903
31747
16641
14069
5703
93230
15396
92076
87768
3662
74345
6066
15486
56892
46428
66117
84250
42122
16426
26644
92026
31165
36714
10719
56934
3465
82511
32272
43859
65508
55879
5565
48062
46200
3285
90163
53566
50932
37391
38534
59855
87689
92514
58091
34342
92355
35943
97649
37795
64613
55117
19148
90288
21059
33074
81893
39907
23271
43732
20774
8847
30069
67554
81792
29998
6333
78660
37836
89985
66966
82432
1668
81480
77255
22658
59570
23256
91011
90514
88131
8414
73242
40604
19846
9910
38156
11476
12934
94660
8423
70083
34363
1329
19618
59904
56603
77842
24312
11706
31658
50961
36191
45588
84595
24179
53981
51487
2546
81465
90871
83509
36538
85250
43945
75192
38834
62984
67950
34940
40955
62327
43307
90549
51986
8578
27444
80849
72241
92131
97670
46244
57370
9956
25729
54316
83091
39900
78419
66313
3826
95620
99139
19901
40864
45416
40458
94720
18384
30790
75636
43569
73619
53622
97866
75737
65162
24288
76730
13312
39683
11715
10789
91005
78191
46279
95392
12783
53576
54695
70089
58616
61734
18371
98197
52783
64578
92465
96207
5424
7058
12335
57629
31252
3459
30057
76967
49193
55137
41769
58151
23079
67173
1710
46131
31038
29402
22153
58418
41642
58014
94998
51580
92563
16934
91901
19704
46619
22251
74863
16579
12357
7620
61819
86210
24133
77573
54767
66844
12797
5243
57996
79710
50443
50786
89320
82564
98189
90962
66661
42394
92298
79340
34705
73191
65780
63853
73797
26617
39829
53171
52881
3607
98822
60188
59527
33482
62725
33480
57632
11109
45465
4164
25617
74464
98936
46651
26568
60786
29589
82730
40255
13845
97496
99550
81607
64779
50621
58478
88351
36337
73434
38090
23834
49468
83675
18030
44573
60882
17025
51934
29021
49590
72377
91231
69705
54291
42801
21946
4447
96812
53484
24921
77202
52542
32496
51716
16498
19119
26378
23526
34275
60023
68108
12863
52957
66340
40680
87999
73183
29587
58427
67410
44224
99325
78638
3733
52394
1562
3396
33787
26987
42124
72193
57969
59698
75876
42294
14553
8691
81120
66680
6128
43435
76473
37074
4869
94715
92768
55688
28032
30081
84006
79886
16919
14018
60362
97779
21932
64162
87992
68447
6092
55076
96245
21736
56473
70233
14570
47909
29665
53760
94316
37168
52068
80732
97081
78035
27116
75789
53625
64323
15546
86378
4980
97488
71531
51377
41728
51044
78472
36505
42561
44853
8437
52602
96417
13341
85891
25413
14228
15906
96317
68153
23773
11177
83419
76791
5808
32399
77526
49315
18962
11920
67988
74377
4840
61305
57160
20137
32921
13412
60060
67553
75422
1745
43000
9660
5909
75445
42950
29415
4463
76980
6006
31800
50841
55823
75181
93824
52863
54869
44519
99207
66376
57844
86881
34680
56851
38963
28918
5047
4946
59479
29563
57852
63908
70403
4748
64262
2930
40493
58434
46093
82319
22396
73686
66795
59401
5795
82888
28265
4054
56538
65313
91211
47950
52182
51450
79847
53237
78662
67308
75443
8590
43065
58367
45789
44939
23499
70726
15174
63428
98003
2918
71302
30090
32148
95015
22850
66419
68443
57435
35352
42558
93035
21918
61843
30592
84593
8920
91389
20536
6634
85173
35195
88238
14103
62376
65285
82122
95541
13444
70381
25748
23596
85394
6190
89246
20282
61866
45320
80405
15050
89957
28671
9307
10132
21982
16330
42029
95676
65785
92611
49497
79803
8464
51089
19941
48037
6137
96441
55814
9315
97533
49686
89029
17424
87044
95293
77661
45698
48449
68210
30992
7457
36442
47996
66264
16668
4186
21495
98068
29989
9395
1957
31497
18173
58662
20110
52564
14000
50831
27023
64317
47716
96063
30452
50949
44712
91019
34616
55352
30070
54502
55569
97954
66537
8851
20287
89351
99036
49172
57663
56706
23951
20626
10856
58878
14817
72885
28772
52900
61082
78427
39430
50756
48369
7265
20467
27253
60989
6897
36784
2529
28094
6320
16725
36358
38195
56658
81595
14967
11459
75207
55578
44076
21159
8549
83842
88129
26783
24402
16596
64884
52676
49210
92031
7322
56972
48205
4153
7313
73322
69524
27937
7579
44558
70041
17117
65594
49339
79047
54576
52754
65938
39010
32646
74196
95260
50391
29810
99953
44567
72443
25094
52570
17586
30503
80360
54928
49123
64790
47967
96945
24792
97009
50072
87879
66155
48686
20721
25420
95497
62197
34852
58985
92463
43694
30852
66549
23842
13647
9990
9983
48729
50712
2377
72353
94017
90906
95948
39673
54689
55572
29892
19830
48771
9399
55418
25314
20826
37120
94323
95989
66811
40899
59628
63669
58102
23031
22165
41231
61753
36906
47197
73046
68539
10911
79858
33748
46707
83279
5682
8079
30121
76781
46331
60908
4617
27426
39065
77242
53026
34837
50249
10735
34799
85511
30853
2128
81305
55517
45594
9483
69266
58351
12081
21344
55593
35665
42226
40821
32570
42736
76896
29772
64126
10998
19788
29883
2426
38248
15069
73687
44566
46456
96260
32182
85769
32839
53327
85630
77949
91900
29305
78657
99072
22492
32213
35859
86646
45519
95308
43424
97385
9769
31726
57767
57040
26473
33778
55377
10836
81191
34550
37964
45887
56901
